%iy  id  it imin   Q*      QH      QE      Qs      Qf    Wind    RH     Td     press   rain    Kdn    snow    ldown   fcld    wuh     xsmd    lai_hr  Kdiff   Kdir    Wd
2019 172 0 0 -999.00 -27.60 -1.62 -999.00 -999.00 8.33000 84.65 16.09 99.55 0.00 0.00 -999.00 355.35 -999.00 -999.00 -999.00 -999.00 -999.00 -999.00 -999.00
2019 172 1 0 -999.00 -21.87 -2.12 -999.00 -999.00 7.86000 87.68 15.63 99.56 0.00 0.00 -999.00 345.21 -999.00 -999.00 -999.00 -999.00 -999.00 -999.00 -999.00
2019 172 2 0 -999.00 -17.60 -3.07 -999.00 -999.00 6.72000 89.35 15.54 99.54 0.00 14.05 -999.00 344.83 -999.00 -999.00 -999.00 -999.00 -999.00 -999.00 -999.00
2019 172 3 0 -999.00 -9.90 -2.25 -999.00 -999.00 6.07000 89.15 15.89 99.52 0.00 73.71 -999.00 342.26 -999.00 -999.00 -999.00 -999.00 -999.00 -999.00 -999.00
2019 172 4 0 -999.00 5.68 1.06 -999.00 -999.00 6.67000 88.63 16.22 99.52 0.00 166.81 -999.00 345.10 -999.00 -999.00 -999.00 -999.00 -999.00 -999.00 -999.00
2019 172 5 0 -999.00 22.62 4.95 -999.00 -999.00 7.04000 87.56 16.69 99.53 0.00 264.46 -999.00 342.49 -999.00 -999.00 -999.00 -999.00 -999.00 -999.00 -999.00
2019 172 6 0 -999.00 42.99 10.00 -999.00 -999.00 7.50000 85.96 17.32 99.53 0.00 362.09 -999.00 345.37 -999.00 -999.00 -999.00 -999.00 -999.00 -999.00 -999.00
2019 172 7 0 -999.00 54.41 14.91 -999.00 -999.00 7.44000 84.56 17.75 99.54 0.00 415.66 -999.00 359.79 -999.00 -999.00 -999.00 -999.00 -999.00 -999.00 -999.00
2019 172 8 0 -999.00 82.06 20.22 -999.00 -999.00 7.09000 82.91 18.20 99.55 0.00 505.70 -999.00 363.13 -999.00 -999.00 -999.00 -999.00 -999.00 -999.00 -999.00
2019 172 9 0 -999.00 100.48 24.51 -999.00 -999.00 8.10000 80.12 18.58 99.58 0.00 567.48 -999.00 366.19 -999.00 -999.00 -999.00 -999.00 -999.00 -999.00 -999.00
2019 172 10 0 -999.00 123.96 32.00 -999.00 -999.00 8.22000 77.54 18.57 99.60 0.00 714.65 -999.00 350.47 -999.00 -999.00 -999.00 -999.00 -999.00 -999.00 -999.00
2019 172 11 0 -999.00 127.74 38.68 -999.00 -999.00 8.94000 74.52 18.70 99.60 0.00 744.49 -999.00 347.48 -999.00 -999.00 -999.00 -999.00 -999.00 -999.00 -999.00
2019 172 12 0 -999.00 123.83 41.94 -999.00 -999.00 10.08000 71.27 19.16 99.58 0.00 740.44 -999.00 341.94 -999.00 -999.00 -999.00 -999.00 -999.00 -999.00 -999.00
2019 172 13 0 -999.00 91.88 36.71 -999.00 -999.00 11.27000 72.18 19.03 99.58 0.00 648.46 -999.00 345.78 -999.00 -999.00 -999.00 -999.00 -999.00 -999.00 -999.00
2019 172 14 0 -999.00 83.40 36.55 -999.00 -999.00 12.19000 71.67 18.95 99.60 0.00 600.69 -999.00 339.24 -999.00 -999.00 -999.00 -999.00 -999.00 -999.00 -999.00
2019 172 15 0 -999.00 50.36 37.93 -999.00 -999.00 12.70000 68.65 18.56 99.59 0.00 476.53 -999.00 332.70 -999.00 -999.00 -999.00 -999.00 -999.00 -999.00 -999.00
2019 172 16 0 -999.00 34.17 45.65 -999.00 -999.00 12.76000 65.47 18.24 99.61 0.00 383.04 -999.00 323.15 -999.00 -999.00 -999.00 -999.00 -999.00 -999.00 -999.00
2019 172 17 0 -999.00 12.50 44.42 -999.00 -999.00 12.12000 65.37 17.55 99.62 0.00 261.94 -999.00 311.83 -999.00 -999.00 -999.00 -999.00 -999.00 -999.00 -999.00
2019 172 18 0 -999.00 -3.34 35.94 -999.00 -999.00 11.12000 68.33 16.69 99.63 0.00 150.76 -999.00 305.09 -999.00 -999.00 -999.00 -999.00 -999.00 -999.00 -999.00
2019 172 19 0 -999.00 -8.26 24.22 -999.00 -999.00 11.02000 72.21 15.98 99.64 0.00 57.54 -999.00 310.84 -999.00 -999.00 -999.00 -999.00 -999.00 -999.00 -999.00
2019 172 20 0 -999.00 -16.70 20.99 -999.00 -999.00 10.80000 77.17 15.10 99.69 0.00 6.79 -999.00 308.93 -999.00 -999.00 -999.00 -999.00 -999.00 -999.00 -999.00
2019 172 21 0 -999.00 -16.98 19.57 -999.00 -999.00 10.18000 81.54 14.49 99.72 0.00 0.00 -999.00 311.84 -999.00 -999.00 -999.00 -999.00 -999.00 -999.00 -999.00
2019 172 22 0 -999.00 -14.71 17.80 -999.00 -999.00 10.46000 85.17 14.04 99.75 0.00 0.00 -999.00 315.15 -999.00 -999.00 -999.00 -999.00 -999.00 -999.00 -999.00
2019 172 23 0 -999.00 -13.70 16.81 -999.00 -999.00 10.11000 87.68 13.55 99.78 0.00 0.00 -999.00 309.56 -999.00 -999.00 -999.00 -999.00 -999.00 -999.00 -999.00
2019 173 0 0 -999.00 -11.44 16.71 -999.00 -999.00 9.42000 88.81 13.29 99.76 0.00 0.00 -999.00 314.03 -999.00 -999.00 -999.00 -999.00 -999.00 -999.00 -999.00
2019 173 1 0 -999.00 -11.56 16.96 -999.00 -999.00 9.11000 89.14 13.18 99.73 0.00 0.00 -999.00 316.32 -999.00 -999.00 -999.00 -999.00 -999.00 -999.00 -999.00
2019 173 2 0 -999.00 -10.45 17.11 -999.00 -999.00 9.18000 89.24 13.17 99.76 0.00 14.19 -999.00 311.96 -999.00 -999.00 -999.00 -999.00 -999.00 -999.00 -999.00
2019 173 3 0 -999.00 -2.35 17.78 -999.00 -999.00 9.52000 87.36 13.64 99.78 0.00 61.29 -999.00 326.76 -999.00 -999.00 -999.00 -999.00 -999.00 -999.00 -999.00
2019 173 4 0 -999.00 7.52 19.98 -999.00 -999.00 8.90000 86.49 14.02 99.79 0.00 99.22 -999.00 353.05 -999.00 -999.00 -999.00 -999.00 -999.00 -999.00 -999.00
2019 173 5 0 -999.00 20.89 25.23 -999.00 -999.00 8.68000 83.23 14.55 99.81 0.01 193.31 -999.00 344.14 -999.00 -999.00 -999.00 -999.00 -999.00 -999.00 -999.00
2019 173 6 0 -999.00 40.10 38.75 -999.00 -999.00 9.39000 80.53 14.48 99.85 0.04 303.80 -999.00 327.55 -999.00 -999.00 -999.00 -999.00 -999.00 -999.00 -999.00
2019 173 7 0 -999.00 28.40 75.43 -999.00 -999.00 10.72000 77.26 14.41 99.89 0.21 379.50 -999.00 340.56 -999.00 -999.00 -999.00 -999.00 -999.00 -999.00 -999.00
2019 173 8 0 -999.00 87.11 83.26 -999.00 -999.00 13.17000 72.28 14.86 99.94 0.01 595.82 -999.00 313.41 -999.00 -999.00 -999.00 -999.00 -999.00 -999.00 -999.00
2019 173 9 0 -999.00 126.46 90.50 -999.00 -999.00 15.12000 66.33 15.35 99.98 0.00 724.43 -999.00 301.06 -999.00 -999.00 -999.00 -999.00 -999.00 -999.00 -999.00
2019 173 10 0 -999.00 148.67 103.58 -999.00 -999.00 14.68000 64.50 15.55 100.05 0.00 784.92 -999.00 295.01 -999.00 -999.00 -999.00 -999.00 -999.00 -999.00 -999.00
2019 173 11 0 -999.00 141.64 111.22 -999.00 -999.00 16.50000 63.10 15.52 100.10 0.00 757.29 -999.00 302.77 -999.00 -999.00 -999.00 -999.00 -999.00 -999.00 -999.00
2019 173 12 0 -999.00 132.22 111.96 -999.00 -999.00 16.81000 63.90 15.47 100.17 0.00 736.68 -999.00 303.89 -999.00 -999.00 -999.00 -999.00 -999.00 -999.00 -999.00
2019 173 13 0 -999.00 114.04 106.54 -999.00 -999.00 16.20000 63.54 15.56 100.21 0.00 655.61 -999.00 307.25 -999.00 -999.00 -999.00 -999.00 -999.00 -999.00 -999.00
2019 173 14 0 -999.00 91.69 100.66 -999.00 -999.00 15.74000 61.50 15.90 100.26 0.00 576.13 -999.00 304.12 -999.00 -999.00 -999.00 -999.00 -999.00 -999.00 -999.00
2019 173 15 0 -999.00 64.52 97.04 -999.00 -999.00 15.04000 59.08 16.11 100.30 0.00 469.97 -999.00 324.69 -999.00 -999.00 -999.00 -999.00 -999.00 -999.00 -999.00
2019 173 16 0 -999.00 34.08 89.51 -999.00 -999.00 14.27000 58.15 16.14 100.34 0.00 368.61 -999.00 308.04 -999.00 -999.00 -999.00 -999.00 -999.00 -999.00 -999.00
2019 173 17 0 -999.00 9.41 77.80 -999.00 -999.00 13.22000 59.01 15.96 100.39 0.00 254.83 -999.00 304.60 -999.00 -999.00 -999.00 -999.00 -999.00 -999.00 -999.00
2019 173 18 0 -999.00 -11.39 64.27 -999.00 -999.00 11.92000 60.97 15.61 100.42 0.00 148.57 -999.00 300.42 -999.00 -999.00 -999.00 -999.00 -999.00 -999.00 -999.00
2019 173 19 0 -999.00 -18.08 45.46 -999.00 -999.00 10.50000 64.68 15.08 100.46 0.00 58.64 -999.00 297.86 -999.00 -999.00 -999.00 -999.00 -999.00 -999.00 -999.00
2019 173 20 0 -999.00 -23.19 36.23 -999.00 -999.00 9.52000 69.30 14.26 100.51 0.00 7.01 -999.00 295.66 -999.00 -999.00 -999.00 -999.00 -999.00 -999.00 -999.00
2019 173 21 0 -999.00 -19.96 30.35 -999.00 -999.00 9.24000 72.66 13.71 100.55 0.00 0.00 -999.00 294.58 -999.00 -999.00 -999.00 -999.00 -999.00 -999.00 -999.00
2019 173 22 0 -999.00 -16.85 26.64 -999.00 -999.00 10.27000 81.82 12.80 100.60 0.00 0.00 -999.00 294.43 -999.00 -999.00 -999.00 -999.00 -999.00 -999.00 -999.00
2019 173 23 0 -999.00 -13.77 22.30 -999.00 -999.00 9.31000 86.41 12.35 100.63 0.00 0.00 -999.00 294.50 -999.00 -999.00 -999.00 -999.00 -999.00 -999.00 -999.00
